9.766145273519459380e+00 6.511244266062945485e+00
5.956549805849755685e-01 7.366800572493185761e+00
9.328693951293233866e+00 2.497519495373166531e+00
9.504073050049418825e+00 7.171019566889833996e+00
3.062275795701921766e+00 3.907457318913962752e-01
3.325215851141901879e+00 9.711167377066288964e+00
8.182061865434063108e+00 1.143254962465072744e+00
9.793544707432531027e-01 7.972273461185517718e+00
8.977642576661921225e+00 8.029580751907154479e+00
6.822183207900396340e-01 7.521261860790904308e+00
8.152303403547721317e+00 1.118894068441129264e+00
1.299576448500272985e+00 8.362568295143780972e+00
1.958052492637936126e-01 6.385537006722911357e+00
3.791341526154625718e+00 1.482843556529642726e-01
9.818710295093307394e+00 6.334178058567059288e+00
6.176168483644905116e+00 9.859694198000575227e+00
9.892014823854312411e+00 6.033533242421190934e+00
7.795372346247173567e-01 2.319012486772677573e+00
9.753186084322663874e+00 6.551522493488695531e+00
3.711094832542260580e+00 1.689831847424985156e-01
1.016476285160309523e+00 8.021843611656597872e+00
7.916670630050393065e+00 9.388385361079967240e-01
1.759103517026456842e-01 3.685405360884844939e+00
4.101225484718313830e+00 8.144285682476137822e-02
4.874125269169962138e-01 2.846734039238453029e+00
1.139580857810784664e-02 5.337384382163612884e+00
2.910822313197203304e+00 4.573865899720992445e-01
2.829710567575647762e+00 4.955750889256478331e-01
4.371456546539671528e+00 3.966401066297109423e-02
4.340191723992958828e-02 4.342629901821514871e+00
2.280856475607213163e+00 9.195981231339430906e+00
3.865753697397622979e+00 1.303505952653187805e-01
6.441459222744043700e-01 2.545099746718556766e+00
9.194136854107988199e+00 2.278012481841042991e+00
2.437953087905091465e+00 9.293706513051974483e+00
4.576006879628732094e+00 9.981990549356535070e+00
3.796779975636397353e-01 6.911184081610784347e+00
1.481273791523603389e+00 1.447737922142944722e+00
7.182946399473562060e+00 5.016953174528726578e-01
9.912081910250726935e+00 5.933515563334411880e+00
6.986317615716075125e+00 4.114771080993824270e-01
8.010601702372076360e+00 8.992026727074151182e+00
9.951550284939111535e+00 5.694370056756050680e+00
1.804504357301581763e-01 3.668856883146526027e+00
1.027871609913427520e+00 1.963193115677545286e+00
7.677952469131515301e+00 9.222389201988896446e+00
2.710049533857017412e+00 9.444786481104749498e+00
1.206513560346365477e+00 8.257216700215691318e+00
7.731385849334255767e+00 8.119776335295689762e-01
2.711315250786469733e+00 5.545616505548744968e-01
