2.741935483870967527e+00 8.149350649350649789e+00
1.552419354838709520e+00 7.040043290043291435e+00
3.830645161290322509e+00 4.821428571428572063e+00
2.157258064516129004e+00 3.089826839826840477e+00
6.229838709677419928e+00 2.034632034632034792e+00
8.205645161290322065e+00 5.091991341991342956e+00
6.008064516129032029e+00 6.931818181818183433e+00
6.733870967741934166e+00 6.336580086580087645e+00
5.080645161290322065e+00 3.143939393939394478e+00
5.262096774193548043e+00 3.571428571428572063e-01
2.419354838709677491e+00 2.548701298701299134e+00
3.104838709677419484e+00 5.579004329004329854e+00
6.592741935483870108e+00 7.797619047619049226e+00
3.124999999999999556e+00 7.905844155844157228e+00
8.891129032258064058e+00 8.284632034632036124e+00
5.725806451612903913e+00 9.258658008658009919e+00
5.120967741935483986e+00 9.177489177489178473e+00
4.314516129032258007e+00 7.797619047619049226e+00
4.294354838709677935e+00 6.471861471861472204e+00
3.387096774193548487e+00 6.228354978354978755e+00
1.875000000000000000e+00 8.744588744588744689e+00
1.229838709677419484e+00 7.797619047619049226e+00
1.189516129032258007e+00 5.957792207792208750e+00
1.068548387096774022e+00 3.414502164502164483e+00
9.475806451612904802e-01 1.141774891774891998e+00
4.919354838709677935e+00 1.764069264069264342e+00
4.213709677419354094e+00 3.360389610389610482e+00
5.947580645161290036e+00 5.362554112554112962e+00
7.419354838709676159e+00 4.253246753246753720e+00
8.850806451612902137e+00 1.899350649350649345e+00
6.955645161290322065e+00 1.709956709956709897e+00
6.673387096774192173e+00 4.442640692640693167e+00
5.322580645161290036e+00 4.577922077922078614e+00
9.254032258064516014e+00 6.120129870129870753e+00
8.629032258064516014e+00 7.500000000000000000e+00
