8.064516129032206493e-02 6.331168831168838551e-01
-2.983870967741935942e+00 3.176406926406928122e+00
4.233870967741930613e-01 3.988095238095239026e+00
3.568548387096774022e+00 3.095238095238096676e+00
4.052419354838708188e+00 -2.056277056277053816e-01
2.923387096774192173e+00 -2.992424242424242209e+00
-1.008064516129039134e-01 -4.074675324675324006e+00
-2.641129032258064946e+00 -2.640692640692640314e+00
-3.245967741935484430e+00 -1.244588744588739360e-01
-3.004032258064516459e+00 1.661255411255412540e+00
