-2.762096774193548931e+00 2.554112554112554889e+00
-1.008064516129032917e+00 3.744588744588744689e+00
1.350806451612903025e+00 3.933982683982684136e+00
3.125000000000000000e+00 2.797619047619049226e+00
3.629032258064516014e+00 3.625541125541129617e-01
2.217741935483870108e+00 -2.370129870129869865e+00
4.637096774193540938e-01 -3.668831168831168554e+00
-1.693548387096774910e+00 -2.965367965367965208e+00
-2.721774193548387455e+00 -1.856060606060605522e+00
-3.588709677419355426e+00 1.190476190476195129e-01
2.419354838709670830e-01 2.002164502164509585e-01
