-7.620967741935484874e+00 7.002164502164504256e+00
-7.217741935483871885e+00 3.430735930735931305e+00
-3.427419354838709964e+00 2.943722943722944407e+00
-1.733870967741935942e+00 5.811688311688314457e+00
1.653225806451612101e+00 4.080086580086582870e+00
2.258064516129032029e+00 1.320346320346320823e+00
-3.629032258064519567e-01 -7.359307359307347696e-01
-3.508064516129033805e+00 -3.571428571428558740e-01
-4.677419354838709964e+00 -3.658008658008657932e+00
-9.677419354838718846e-01 -5.660173160173159523e+00
2.137096774193548043e+00 -6.580086580086580206e+00
3.629032258064516014e+00 -1.601731601731600563e+00
5.806451612903224202e+00 2.564935064935065512e+00
6.935483870967740216e+00 5.108225108225109778e+00
